Ia	Ib	Ic	Id	Ie	If	Ih	Ik	Iv	IIa	IIb	IIc	IIe	IIf	IIh	IIj	IIk	IIv	IIIc	IIIh	IVa	IVj	VIb	VIc	VIk	VIo	VIu	VIIa	VIIb	VIIc	VIIe	VIIf	VIIh	VIIi	VIIj	VIIk	VIIm	VIIn	VIIt	Xk	XIa	XIj	XIIa	XIVa	XIVb	XIVc	XIVd	XIVf	XIVh	XIVi	XIVj	XIVk	XIVs	XVa	XVk	XVIa	XVIc	XVIk
Adenoides eludens NEPCC 683a (T)	0	0	0	0	0	0	0	6.8	0	50.5	0	0	0	0	0	0	0	0	0	0	0	0	0	0	0	0	0	3.7	0	1.4	0	0	0	0	0	34.9	0	0	0	0	0	0	0	0	0	0	0	0	0	0	0	0	0	0	0	0	0	0
Akashiwo sanguinea CCMP 1740 (N)	0	0	19	0	0	0	0	44	0	0	0	0	0	0	0	0	0	0	0	11	0	0	0	0	0	0	0	0	0	6	0	0	0	2	0	0	0	0	0	0	0	0	0	0	0	0	0	0	0	0	0	0	0	0	0	0	0	0
Akashiwo sanguinea CS-35 (L)	0	4	7	0	0	0	32	14	0	2	0	0	0	0	15	0	0	0	0	0	0	0	0	0	0	0	0	0	0	4	0	0	4	0	0	0	0	0	0	0	0	0	0	0	0	0	0	0	0	0	0	0	0	0	0	0	0	0
Akashiwo sanguinea CCMP 1593 (T)	0	6.8	26.7	0	0	0	0	38.6	0	0	0	0	0	0	0	0	0	0	0	14.3	0	0	0	0	0	0	0	0	0	11.9	0	0	0	0	0	0	0	0	0	0	0	0	0	0	0	0	0	0	0	0	0	0	0	0	0	0	0	0
Alexandrium andersoni CCMP 718 (N)	0	0	0	0	0	0	0	0	0	81	0	0	0	0	0	0	0	0	0	0	0	8	0	0	0	0	0	1	0	0	0	0	0	0	0	0	0	0	0	0	0	0	0	0	0	0	0	0	0	0	0	0	0	0	0	0	0	0
Alexandrium minutum CCMP 113 (N)	0	0	0	0	0	0	0	0	0	58	0	0	0	0	0	0	0	0	0	0	0	0	0	0	0	0	0	3	0	0	0	0	0	0	0	27	0	0	0	0	0	0	0	0	0	0	0	0	0	0	0	0	0	0	0	0	0	0
Alexandrium tamarense CCMP 115 (N)	0	0	0	0	0	0	0	0	0	61	0	0	0	0	0	0	0	0	0	0	0	0	0	0	0	0	0	0	3	0	0	0	0	0	0	34	0	0	0	0	0	0	0	0	0	0	0	0	0	0	0	0	0	0	0	0	0	0
Alexandrium tamarense UTEX 2521 (N)	0	0	0	0	0	0	0	0	0	70	0	0	0	0	0	0	0	0	0	0	0	0	0	0	0	0	0	0	0	0	0	0	0	0	0	31	0	0	0	0	0	0	0	0	0	0	0	0	0	0	0	0	0	0	0	0	0	0
Alexandrium tamarense Gt4 (J)	0	0	0	0	0	0	0	0	0	0	0	0	0	0	0	0	0	0	0	0	0	0	0	0	0	0	0	0	0	0	0	0	0	0	0	92	0	8	0	0	0	0	0	0	0	0	0	0	0	0	0	0	0	0	0	0	0	0
Alexandrium tamarense Gt8 (J)	0	0	0	0	0	0	0	0	0	0	0	0	0	0	0	0	0	0	0	0	0	0	0	0	0	0	0	0	0	0	0	0	0	0	0	100	0	0	0	0	0	0	0	0	0	0	0	0	0	0	0	0	0	0	0	0	0	0
Amoebophrya sp. SPE10-1 (R)	0	0	0	0	0	0	0	4	0	51	6	0	0	34	0	0	6	0	0	0	0	0	0	0	0	0	0	0	0	0	0	0	0	0	0	0	0	0	0	0	0	0	0	0	0	0	0	0	0	0	0	0	0	0	0	0	0	0
Amphidinium carterae UTEX 1687 (N)	0	0	0	0	0	0	0	0	0	0	0	0	0	0	0	0	0	0	0	0	0	0	0	0	0	0	0	0	0	0	0	0	0	0	0	0	0	0	0	0	0	0	0	43	57	0	0	0	0	0	0	0	0	0	0	0	0	0
Amphidinium carterae PY-1 (B)	0	0	0	0	0	0	0	0	0	8	0	0	0	0	0	0	0	0	0	0	0	0	0	0	0	0	0	0	0	0	0	0	0	0	0	0	0	0	0	0	1	0	0	27	43	0	1	0	0	0	0	12	0	0	0	0	0	0
Amphidinium massartii CCMP 1321 (T)	0	0	0	0	0	0	0	0	0	43.6	23.9	0	0	0	0	0	0	0	0	0	0	0	0	0	0	0	0	0	0	0	0	0	0	0	0	0	0	0	0	0	0	0	0	0	0	0	0	0	0	0	0	0	0	0	0	0	0	0
Amphidinium corpulentum PY-3 (B)	0	0	0	0	0	0	0	0	0	5	0	0	0	0	0	0	0	0	0	0	0	0	0	0	0	0	0	0	0	0	0	0	0	0	0	0	0	0	0	0	0	0	0	27	58	0	0	0	0	0	0	5	0	0	0	0	0	0
Coolia monotis CCMP 1345 (N)	0	0	0	0	0	0	0	0	0	89	0	0	0	0	0	0	0	0	0	0	0	0	0	0	0	0	0	0	0	0	0	0	0	0	0	9	2	0	0	0	0	0	0	0	0	0	0	0	0	0	0	0	0	0	0	0	0	0
Coolia sp. EPA (N)	0	0	0	0	0	0	0	1	0	66	0	2	0	0	0	0	1	0	0	0	0	0	0	0	0	0	0	0	0	1	0	0	0	0	0	21	6	0	0	0	0	0	0	0	0	0	0	0	0	0	0	0	0	0	0	0	0	0
Fragilidium sp. CCMP 1920 (N)	0	0	0	0	0	0	0	0	0	1	0	1	0	29	1	0	0	0	0	0	0	0	0	0	0	0	0	0	0	5	0	0	1	0	0	60	0	0	0	0	1	0	0	0	0	0	0	0	0	0	0	0	0	0	0	0	0	0
Fragilidium sp. CS-382 (L)	8	0	4	0	0	0	1	16	0	46	0	1	0	1	0	0	0	0	0	0	0	0	0	0	0	0	0	0	0	0	0	0	0	0	0	22	0	0	0	0	0	0	1	0	0	0	0	0	0	0	0	0	0	0	0	0	0	0
Alexandrium catenella1 (A)	0	0	0	0	0	0	0	0	0	52	0	0	0	0	0	0	0	0	0	0	0	0	0	0	0	0	0	0	0	0	0	0	0	0	0	43	0	0	0	0	0	0	0	0	0	0	0	0	0	0	0	0	0	0	0	0	0	0
Alexandrium catenella2 (A)	0	0	0	0	0	0	0	0	0	42	0	0	0	0	0	0	0	0	0	0	0	0	0	0	0	0	0	0	0	0	0	0	0	0	0	57	0	0	0	0	0	0	0	0	0	0	0	0	0	0	0	0	0	0	0	0	0	0
Gonyaulax polyedra Gp1 (J)	0	0	0	0	0	0	0	0	0	0	0	0	0	0	0	0	0	0	0	0	0	0	0	0	0	0	0	7	0	0	27	0	19	0	0	47	0	0	0	0	0	0	0	0	0	0	0	0	0	0	0	0	0	0	0	0	0	0
Gonyaulax polyedra (A)	0	0	0	0	0	0	0	0	0	62	0	0	0	0	0	0	0	0	0	0	0	0	0	0	0	0	0	0	0	0	0	0	0	0	0	33	0	0	0	0	0	0	0	0	0	0	0	0	0	0	0	0	0	0	0	0	0	0
Alexandrium tamarense (A)	0	0	0	0	0	0	0	0	0	61	0	0	0	0	0	0	0	0	0	0	0	0	0	0	0	0	0	0	0	0	0	0	0	0	0	38	0	0	0	0	0	0	0	0	0	0	0	0	0	0	0	0	0	0	0	0	0	0
Alexandrium catenella3 (A)	0	0	0	0	0	0	0	0	0	65	0	0	0	0	0	0	0	0	0	0	0	0	0	0	0	0	0	0	0	0	0	0	0	0	0	34	0	0	0	0	0	0	0	0	0	0	0	0	0	0	0	0	0	0	0	0	0	0
Gymnodinium catenatum GCDE08 (I)	0	0	0	0	0	0	0	0	0	0	0	0	0	0	0	0	0	0	0	0	0	0	0	0	0	0	0	0	0	3.6	0	0	0	0	0	27.1	8.6	0	0	1.5	26.6	21.8	0	0	0	0	0	0	0	0	0	0	0	0	0	0	0	0
Gymnodinium catenatum (L)	0	0	0	0	0	0	0	0	0	0	0	0	0	0	0	0	0	0	0	0	0	0	0	0	0	0	0	0	0	3	0	0	0	0	0	27	9	0	0	3	28	22	0	0	0	0	0	0	0	0	0	0	0	0	0	0	0	0
Gymnodinium simplex CCMP 419 (N)	0	0	0	0	0	0	0	0	0	0	0	0	0	29	38	0	0	0	0	0	0	0	0	0	0	0	0	0	0	32	0	0	1	0	0	0	0	0	0	0	0	0	0	0	0	0	0	0	0	0	0	0	0	0	0	0	0	0
Gymnodinium simplex CCMP 420 (N)	0	0	0	0	0	0	0	0	0	0	0	0	0	29	36	0	0	0	0	0	0	0	0	0	0	0	0	0	0	35	0	0	0	0	0	0	0	0	0	0	0	0	0	0	0	0	0	0	0	0	0	0	0	0	0	0	0	0
Karlodinium micrum NEPCC 736 (N)	0	0	0	0	0	0	0	0	0	0	0	0	0	37	4	0	0	0	0	0	0	0	0	0	0	0	0	0	0	3	0	0	2	0	44	8	2	0	0	0	0	0	0	0	0	0	0	0	0	0	0	0	0	0	0	0	0	0
Gymnodinium simplex (C)	0	0	0	0	0	0	0	0	0	0	0	0	0	24.7	41	0	11	0	0	0	0	0	0	0	0	0	0	0	0	23	0	0	0	0	0	0	0	0	0	0	0	0	0	0	0	0	0	0	0	0	0	0	0	0	0	0	0	0
Gymnodinium sp. CCMP 422 (N)	0	0	0	0	0	0	0	0	0	0	0	0	0	20	43	0	0	0	0	0	0	0	0	0	0	0	0	0	0	37	0	0	0	0	0	0	0	0	0	0	0	0	0	0	0	0	0	0	0	0	0	0	0	0	0	0	0	0
Gymnodinium sp. CCMP 424 (N)	0	0	2	0	0	0	0	0	0	0	0	3	0	0	0	0	0	0	3	11	0	0	0	0	0	0	0	0	0	26	0	0	2	0	0	22	0	0	0	0	1	10	0	0	0	0	0	0	0	0	0	0	0	0	0	0	0	0
Gymnodinium sp. CCMP 425 (N)	0	0	0	0	0	0	0	0	0	0	0	0	0	39	29	0	0	0	0	0	0	0	0	0	0	0	0	0	0	32	0	0	1	0	0	0	0	0	0	0	0	0	0	0	0	0	0	0	0	0	0	0	0	0	0	0	0	0
Gymnodinium sp. UTEX 1653 (N)	0	0	0	0	0	0	0	0	0	10	0	0	0	0	0	0	0	0	0	0	0	0	0	0	0	0	0	0	0	13	0	0	0	0	17	53	0	0	0	0	0	7	0	0	0	0	0	0	0	0	0	0	0	0	0	0	0	0
Gymnodinium sp. CS-380/1 (L)	0	0	0	0	0	0	0	0	0	1	0	0	0	0	0	0	0	0	0	0	0	0	0	0	0	0	0	0	0	4	0	0	0	0	34	34	0	0	0	0	0	0	0	0	0	0	0	0	0	0	11	0	0	0	0	0	0	0
Gymnodinium sp. GyM1 (J)	0	0	0	0	0	0	0	0	0	0	0	0	0	0	0	0	0	0	0	0	0	0	0	0	0	0	0	0	0	12	0	0	0	0	46	43	0	0	0	0	0	0	0	0	0	0	0	0	0	0	0	0	0	0	0	0	0	0
Gymnodinium sp. GyM7 (J)	0	0	0	0	0	0	0	0	0	0	0	0	0	0	0	0	0	0	0	0	0	0	0	0	0	0	0	0	0	13	0	0	5	0	35	30	0	0	0	0	0	0	0	0	0	0	0	0	0	7	0	0	0	0	0	0	0	0
Gymnodinium uncatenum NEPCC 533 (N)	0	0	0	0	0	0	0	0	0	0	0	0	0	0	0	0	0	0	0	0	0	0	0	0	0	0	0	0	0	0	0	0	0	0	0	62	26	0	0	0	0	12	0	0	0	0	0	0	0	0	0	0	0	0	0	0	0	0
Symbiodinium microadriaticum NEPCC 737 (N)	1	0	0	0	0	0	0	0	0	11	0	0	0	13	1	0	0	0	0	0	0	0	0	0	0	0	0	2	0	13	0	0	23	0	0	21	0	0	0	0	0	0	0	0	0	0	0	0	0	0	0	0	0	0	0	0	0	0
Gymnodinium wilczeki (G)	0	0	0	0	0	0	0	0	0	2	0	0	3	0	0	0	0	0	0	0	0	0	0	0	0	0	0	0	0	4	0	0	0	0	24	48	0	0	0	0	0	16	0	0	0	0	0	0	0	0	0	0	0	0	0	0	0	0
Gyrodinium dorsum UTEX 2334 (N)	0	0	0	0	0	0	0	0	0	0	0	0	0	0	0	0	0	0	0	0	0	0	0	0	0	0	0	0	0	21	0	0	0	0	4	45	13	0	0	0	0	10	0	0	0	0	0	0	0	0	0	0	0	0	0	0	0	0
Gyrodinium uncatenum NEPCC 607 (N)	0	0	0	0	0	0	0	0	0	0	0	0	0	0	0	0	1	0	0	0	0	0	0	0	0	0	0	0	0	0	0	0	1	0	54	28	3	0	0	0	0	9	0	0	0	0	0	0	1	0	0	0	0	0	0	0	0	0
Heterocapsa idelfina 495 (F)	0	0	0	0	0	0	0	0	0	0	0	14.8	0	0	0	0	0	0	0	0	0	0	0	0	0	0	0	0	0	19.2	0	0	0	0	13.3	52.7	0	0	0	0	0	0	0	0	0	0	0	0	0	0	0	0	0	0	0	0	0	0
Heterocapsa niei UTEX 1654 (F)	0	0	0	0	0	0	0	0	0	0	0	0	0	0	0	0	0	0	0	0	0	0	0	0	0	0	0	0	0	23.9	0	0	0	0	21.2	49.1	0	0	0	0	0	0	0	0	0	0	0	0	0	0	0	0	0	0	0	0	0	0
Heterocapsa niei UTEX 1564 (N)	0	0	0	0	0	0	0	0	0	2	0	0	0	0	0	0	0	0	2	0	0	0	0	0	0	0	0	5	0	17	0	0	12	0	11	43	0	0	0	0	1	3	0	0	0	0	0	0	0	0	0	0	0	0	0	0	0	0
Heterocapsa pygmaea UTEX 1652 (F)	0	0	0	0	0	0	0	0	0	0	0	0	0	0	0	0	0	0	0	0	0	0	0	0	0	0	0	0	0	33.5	0	0	0	0	22	41.3	0	0	0	0	0	0	0	0	0	0	0	0	0	0	0	0	0	0	0	0	0	0
Heterocapsa pygmaea PY-33 (F)	0	0	0	0	0	0	0	0	0	0	0	0	0	0	0	0	0	0	0	0	0	0	0	0	0	0	0	0	0	26.4	0	0	0	0	14	56.6	0	0	0	0	0	0	0	0	0	0	0	0	0	0	0	0	0	0	0	0	0	0
Heterocapsa pygmaea 515 (F)	0	0	0	0	0	0	0	0	0	0	0	0	0	0	0	0	0	0	0	0	0	0	0	0	0	0	0	0	0	20	0	0	0	0	22.7	51.2	0	0	0	0	0	0	0	0	0	0	0	0	0	0	0	0	0	0	0	0	0	0
Heterocapsa pygmaea CCMP 1322 (N)	0	0	0	0	0	0	0	0	0	1	0	2	0	1	0	0	1	0	0	0	0	0	0	0	0	0	0	0	0	14	0	0	0	0	19	47	0	0	0	0	0	9	0	0	0	0	0	0	0	0	0	0	0	0	0	0	0	0
Heterocapsa triquetra NEPCC 89 (F)	0	0	0	0	0	0	0	0	0	3.9	0	10	0	0	0	0	0	0	0	0	0	0	0	0	0	0	0	0	0	10	0	0	0	0	14.6	61.5	0	0	0	0	0	0	0	0	0	0	0	0	0	0	0	0	0	0	0	0	0	0
Heterocapsa triquetra 532 (F)	0	0	0	0	0	0	0	0	0	0	0	2.8	0	0	0	0	0	0	0	0	0	0	0	0	0	0	0	0	0	30	0	0	0	0	19.8	40.6	0	0	0	0	0	0	0	0	0	0	0	0	0	0	0	0	0	0	0	0	0	0
Karenia brevis EPA (N)	0	0	0	0	0	0	0	0	0	0	0	0	0	0	0	0	0	0	0	0	0	0	0	0	0	0	0	0	0	0	0	0	0	0	0	0	0	0	0	0	0	0	0	0	0	0	0	0	43	0	0	0	32	0	0	0	0	0
Karenia brevis FMRI (N)	0	0	0	0	0	0	0	0	0	0	0	0	0	0	0	0	0	0	0	0	0	0	0	0	0	0	0	0	0	0	0	0	0	0	0	0	0	0	0	0	0	0	0	0	0	0	0	0	59	0	0	0	36	0	0	0	0	0
Karenia brevis NOAA (N)	0	0	0	0	0	0	0	0	0	0	0	0	0	0	0	0	0	0	0	0	0	0	0	0	11	0	0	0	0	0	0	0	0	0	0	0	0	0	0	0	0	0	0	0	0	0	0	0	59	0	0	0	30	0	0	0	0	0
Karenia brevis CCMP 718 (O)	0	0	0	0	0	0	0	0	0	0	0	0	0	0	0	0	0	0	0	0	0	0	2	0	8	3	2	0	0	0	0	0	0	0	0	0	0	0	0	0	0	0	0	0	0	0	0	0	44	0	0	0	41	0	0	0	0	0
Karenia mikimotoi NEPCC 665 (N)	0	0	0	0	0	0	0	0	0	0	0	0	0	0	0	0	0	0	0	0	0	0	0	0	0	0	0	0	0	0	0	0	0	0	0	0	0	0	0	0	0	0	0	0	0	0	0	0	86	0	0	0	9	0	0	0	0	0
Karlodinium micrum NEPCC 734 (N)	0	0	0	0	0	0	0	0	0	0	0	0	0	0	0	0	0	0	0	0	0	0	0	0	0	0	0	0	0	0	0	0	0	0	0	0	0	0	0	10	0	0	0	0	0	0	0	0	90	0	0	0	0	0	0	0	0	0
Lingulodinium polyedrum CCMP 1738 (N)	0	0	0	0	0	0	0	0	0	11	0	0	0	77	4	0	0	0	0	0	0	0	0	0	0	0	0	1	0	1	0	0	1	0	1	3	2	0	0	0	0	0	0	0	0	0	0	0	0	0	0	0	0	0	0	0	0	0
Oxyrrhis marina (K)	0	0	3	0	0	0	10	0	0	56	0	0	0	20	0	0	12	0	0	0	0	0	0	0	0	0	0	0	0	0	0	0	0	0	0	0	0	0	0	0	0	0	0	0	0	0	0	0	0	0	0	0	0	0	0	0	0	0
Peridinium aciculiferum PAER-1 (S)	24	0	0.5	0	0	0	0	0	0	0	0	0	0	0	0	0	0	0	0	0	0	0	0	0	0	0	0	0	0	2.1	0	0	0	0	48.5	12	0	0	0	0	0	9.9	0	0	0	0	0	0	0	0	0	0	0	0	0	0	0	0
Kryptoperidinium foliaceum UTEX 1688 (N)	0	0	0	0	0	0	0	0	0	41	0	30	0	0	0	0	0	0	0	0	0	0	0	0	0	0	0	0	0	0	0	0	0	0	0	29	0	0	0	0	0	0	0	0	0	0	0	0	0	0	0	0	0	0	0	0	0	0
Peridinium sociale UTEX 1948 (T)	0	0	0	0	0	0	0	0	0	0	0	0	0	0	0	0	0	0	0	0	0	0	0	0	0	0	0	1.2	0	0	0	0	0	0	0	88.5	0	0	0	0	7.2	1.9	0	0	0	0	0	0	0	0	0	0	0	0	0	0	0	0
Peridinium williei (T)	0	0	0	0	0	0	0	0	0	27.9	0	1.9	0	0	0	0	0	0	0	0	0	0	0	0	0	0	0	0	0	4	0	0	0	0	0	0	30	0	0	35.5	0	0	0	0	0	0	0	0	0	0	0	0	0	0	0	0	0	0
Pfiesteria piscicida CCMP1834 (P)	0	0	0	0	0	0	1	0	0	0	0	0	0	0	5	0	0	0	0	0	0	0	0	0	0	0	0	0	0	20	0	0	1	0	14	34	6	0	0	0	1	0	0	0	0	0	0	0	0	0	11	0	0	0	0	0	0	0
Pfiesteria piscicida CCMP 1921 (P)	0	0	0	0	0	0	0	0	0	0	0	0	0	0	5	0	0	0	0	0	0	0	0	0	0	0	0	0	0	28	0	0	3	0	10	31	6	0	0	0	1	0	0	0	0	0	0	0	0	0	9	0	0	0	0	0	0	0
Polarella glacialis FL1B (Q)	0	0	0	0	0	0	0	0	0	0	0	0	0	64	7	0	5	0	0	0	0	0	0	0	0	0	0	0	3	18	0	0	1	0	0	0	0	0	0	0	0	0	0	0	0	0	0	0	0	0	0	0	0	0	0	0	0	0
Prorocentrum balticum NIOZ1 (M)	0	0	0	0	0	0	0	0	0	2	0	0	0	4	17	0	5	0	0	0	0	0	0	0	0	0	0	0	4	0	0	0	3	0	6	47	0	0	5	0	0	0	0	0	0	0	0	0	0	0	3	0	0	0	0	0	0	0
Prorocentrum balticum NIOZ2 (M)	0	0	0	0	0	0	0	0	0	2	0	0	0	2	15	0	4	0	0	0	0	0	0	0	0	0	0	0	2	0	0	0	3	0	16	42	0	0	2	0	0	0	0	0	0	0	0	0	0	0	2	0	0	0	0	0	0	0
Prorocentrum hoffmannianum CCMP 683 (N)	0	0	0	0	0	0	0	0	0	29	0	0	0	0	3	0	13	0	0	0	0	0	0	0	2	0	0	22	0	0	0	0	2	0	0	14	0	0	0	0	0	0	0	0	0	0	0	0	0	0	0	0	0	0	0	0	0	0
Prorocentrum mexicanum USFDA (N)	0	0	0	0	0	0	0	2	0	37	0	0	0	0	0	0	18	0	0	0	0	0	0	0	0	0	0	4	3	0	0	0	2	0	2	25	7	0	0	0	0	0	0	0	0	0	0	0	0	0	0	0	0	0	0	0	0	0
Prorocentrum mexicanum CSIRO (M)	0	0	0	0	0	0	0	3	0	48	0	0	0	0	0	0	35	0	0	0	0	0	0	0	0	0	0	0	0	0	0	0	2	0	1	7	0	0	0	0	0	0	0	0	0	0	0	0	0	0	0	0	0	0	0	0	0	0
Prorocentrum micans UTEX 1003 (N)	0	0	0	0	0	0	0	1	0	43	0	0	0	0	1	0	12	0	0	0	0	0	0	0	0	0	0	1	0	0	0	0	2	0	25	15	0	0	0	0	0	0	0	0	0	0	0	0	0	0	0	0	0	0	0	0	0	0
Prorocentrum micans UTEX 1993 (N)	0	0	0	0	0	0	0	11	0	39	6	0	0	0	0	0	8	0	0	0	0	0	0	0	0	0	0	0	9	0	0	0	1	0	17	10	0	0	0	0	0	0	0	0	0	0	0	0	0	0	0	0	0	0	0	0	0	0
Prorocentrum micans P1 (J)	0	0	0	0	0	0	0	0	0	0	0	0	0	0	0	0	0	0	0	0	0	0	0	0	0	0	0	0	0	0	48	0	6	0	0	46	0	0	0	0	0	0	0	0	0	0	0	0	0	0	0	0	0	0	0	0	0	0
Prorocentrum micans CSIRO (M)	0	0	0	0	0	0	0	13	0	44	0	0	0	0	2	2	12	0	0	0	0	0	0	0	0	0	0	0	0	0	0	0	2	0	18	5	0	0	0	0	0	0	0	0	0	0	0	0	0	0	0	0	0	0	0	0	0	0
Prorocentrum micans NIOZ (M)	0	0	0	0	0	0	0	2	0	32	0	0	3	0	1	0	17	0	0	0	0	0	0	0	0	0	0	0	0	0	0	0	4	0	24	15	0	0	0	0	0	0	0	0	0	0	0	0	0	0	0	0	0	0	0	0	0	0
Prorocentrum minimum CCMP 1529 (N)	0	0	0	0	0	0	0	0	0	0	37	0	0	0	2	0	3	0	0	0	0	0	0	0	0	0	0	0	4	0	0	0	2	0	0	50	4	0	0	0	0	0	0	0	0	0	0	0	0	0	0	0	0	0	0	0	0	0
Prorocentrum minimum UTEX 1995 (N)	0	0	0	0	0	0	0	2	0	0	40	0	0	0	1	0	24	0	0	0	0	0	0	0	0	0	0	0	1	0	0	0	2	0	0	27	3	0	0	0	0	0	0	0	0	0	0	0	0	0	0	0	0	0	0	0	0	0
Prorocentrum minimum NIOZ (M)	0	0	0	0	0	0	0	2	0	0	38	0	0	0	0	0	19	0	0	0	0	0	0	0	0	0	0	0	4	0	0	0	3	0	0	28	0	0	3	0	0	0	0	0	0	0	0	0	0	0	0	0	0	0	0	0	0	0
Prorocentrum triestinum UTEX 1657 (N)	0	0	0	0	0	0	0	37	0	36	0	0	0	0	0	0	1	0	0	0	0	0	0	0	0	0	0	11	1	0	0	0	0	0	0	14	0	0	0	0	0	0	0	0	0	0	0	0	0	0	0	0	0	0	0	0	0	0
Protoceratium reticulatum CCMP 1889 (T)	2	0	0	0	0	0	0	0	0	7.4	0	0	0	55.8	0	0	0	0	0	0	0	0	0	0	0	0	0	2.9	0	1.5	0	3.4	7.7	0	0	8.1	0	0	0	0	0	0	0	0	0	0	0	0	0	0	0	0	0	0	0	0	0	0
Pyrocystis fusiformis NOAA (T)	0	0	0	0	0	0	0	0	0	7.5	0	3.5	0	0	3.1	0	6.1	0	0	0	0	0	0	0	0	0	0	0	0	40.9	0	0	2.5	0	0	33.5	0	0	0	0	0	0	0	0	0	0	0	0	0	0	0	0	0	0	0	0	0	0
Pyrocystis fusiformis Scripps (T)	0	0	0	0	0	0	0	0	0	5.1	0	1.7	0	0	3.1	0	4.3	0	0	0	0	0	0	0	0	0	0	0	0	25.5	0	0	1.9	0	0	59.3	0	0	0	0	0	0	0	0	0	0	0	0	0	0	0	0	0	0	0	0	0	0
Pyrocystis lunula UTEX 2166 (D)	7.5	0	3	0	0	0.2	1.1	4.6	0.8	27	0	2.2	0	0.6	0.4	0	5.1	0.4	0	0	0	0	0	0	0	0	0	2.6	0	29.4	0	0	3.4	0	0	0	0	0	0	0	0	0	0	0	0	0	0	0	0	0	0	0	0	0	0	7.7	1.3	2.3
Pyrocystis lunula UTEX 2166 (N)	10	0	3	0	0	0	0	3	0	35	0	0	0	1	1	0	4	0	0	0	0	0	0	0	0	0	0	6	0	31	0	0	5	0	0	0	0	0	0	0	0	0	0	0	0	0	0	0	0	0	0	0	0	0	0	0	0	0
Pyrocystis lunula UTEX 2271 (N)	9	0	2	0	0	0	0	3	0	32	0	0	0	0	0	0	4	0	0	0	0	0	0	0	0	0	0	4	0	40	0	0	4	0	0	0	0	0	0	0	0	0	0	0	0	0	0	0	0	0	0	0	0	0	0	0	0	0
Pyrocystis noctiluca PP7 (T)	0	0	0	0	0	0	0	0	0	3.9	0	1	0	0	1	0	4.1	0	0	0	0	0	0	0	0	0	0	0	0	2.4	0	0	1.3	0	0	86.5	0	0	0	0	0	0	0	0	0	0	0	0	0	0	0	0	0	0	0	0	0	0
Pyrocystis noctiluca Scripps (T)	0	0	0	0	0	0	0	0	0	3.8	0	1.6	0	0	2.5	0	7.1	0	0	0	0	0	0	0	0	0	0	0	0	4.4	0	0	2.6	0	0	78.1	0	0	0	0	0	0	0	0	0	0	0	0	0	0	0	0	0	0	0	0	0	0
Scrippsiella hangoei SHTV-5 (T)	12.4	0	12.8	0	0	0	0	0	0	0	0	0	0	0	0	0	0	0	6.2	0	0	0	0	0	0	0	0	0	0	6.2	0	0	0	0	35.5	6	0	0	0	0	0	20.4	0	0	0	0	0	0	0	0	0	0	0	0	0	0	0	0
Scrippsiella hangoei SHTV-6 (S)	24.8	0	7.2	0	0	0	0	0	0	0	0	0	0	0	0	0	0	0	2.6	0	0	0	0	0	0	0	0	0	0	4.4	0	0	0	0	32.5	6.1	0	0	0	0	0	21.3	0	0	0	0	0	0	0	0	0	0	0	0	0	0	0	0
Scrippsiella sp. CS-295/c (L)	24	0	0	0	0	0	0	0	0	0	0	0	0	0	0	0	0	0	0	0	0	0	0	0	0	0	0	3	0	3	0	0	1	0	18	31	0	0	0	0	0	0	0	0	0	0	0	0	0	0	12	0	0	0	0	0	0	0
Scrippsiella trochoidea UTEX 1017 (N)	0	0	1	0	0	0	0	0	0	0	0	0	0	0	0	0	3	0	1	0	0	0	0	0	0	0	0	0	0	13	0	0	4	0	38	12	7	0	0	0	0	1	0	0	0	0	0	0	0	0	0	0	14	0	0	0	0	0
Scrippsiella trochoidea (H)	1	0	3	0	0	0	2	0	0	3	0	0	0	0	0	0	0	0	4	0	0	0	0	2	0	0	0	1	0	8	0	0	3	0	33	0	0	0	4	1	0	0	0	0	0	5	0	10	7	0	3	0	0	0	0	0	0	0
Symbiodinium microadriaticum UTEX 2281 (N)	1	0	0	0	0	0	0	0	0	13	0	0	0	15	3	0	3	0	0	0	0	0	0	0	0	0	0	1	0	17	0	0	19	0	0	16	0	0	0	0	0	0	0	0	0	0	0	0	0	0	0	0	0	0	0	0	0	0
Symbiodinium microadriaticum UTEX 2282 (N)	0	0	1	0	0	0	0	0	0	20	0	33	0	0	13	0	2	0	0	0	0	0	0	0	0	0	0	0	0	23	0	0	6	0	0	2	0	0	0	0	0	0	0	0	0	0	0	0	0	0	0	0	0	0	0	0	0	0
Symdiodinium microadriaticum CS-155 (L)	0	0	0	0	0	0	0	0	0	14	1	31	0	3	6	0	6	0	0	0	0	0	0	0	0	0	0	0	0	23	0	0	4	0	0	6	0	0	0	0	0	0	0	0	0	0	0	0	0	0	0	0	0	0	0	0	0	0
Symbiodinium microadriaticum EPA (N)	0	0	0	0	0	0	0	0	0	35	0	2	0	14	1	0	0	0	0	0	0	0	0	0	0	0	0	0	0	18	0	2	26	0	0	1	0	0	0	0	0	0	0	0	0	0	0	0	0	0	0	0	0	0	0	0	0	0
Thecadinium inclinatum NEPCC 682 (N)	0	0	0	0	0	0	0	0	0	81	0	0	0	0	0	0	0	0	0	0	0	0	0	0	0	0	0	0	0	3	0	0	13	0	0	3	0	0	0	0	0	0	0	0	0	0	0	0	0	0	0	0	0	0	0	0	0	0
Thoracosphaera heimii A603 (E)	10.9	0	4.7	16.4	5.9	0	0.3	1.4	0	0.7	0	0	0	0	0	0	0	0	0	0	0	0	0	0	0	0	0	0	0	0	0	0	1.7	0	0	27.8	5.8	0	0	0	0	0	0	0	0	0	0	0	0	0	0	0	0	0	23.7	0	0	0
Thoracosphaera heimii CCMP 1069 (T)	5.2	1.7	1.3	0	0	0	0	1.1	0	0	0	0	0	0	0	0	0	0	0	0	0	0	0	0	0	0	0	0	0	0	0	0	2.6	0	2.3	42.5	12.5	0	0	0	0	0	0	0	0	0	0	0	0	0	0	0	0	0	0	0	0	0
Thoracosphaera heimii CCMP 1072 (T)	3.7	0.9	2.5	0	0	0	0	1.6	0	0	0	0	0	0	0	0	0	0	0	0	0	0	0	0	0	0	0	0	0	0	0	0	1.9	0	0.7	42.2	22.7	0	0	0	0	0	0	0	0	0	0	0	0	0	0	0	0	0	0	0	0	0
