000010001100
000011101100
010101001000
100110100111
000111011111
010111001000
010111110100
010011011000
110001101010
010101000000
010101000000
000110000110
100111000101
110111010001
110111110010
010101000000
010111001001
110011100011
010101000000
110011011110
110111001111
010111110100
010101000000
110111110010
100111000101
110111010001
000011001100
010101011110
010101000000
000010110100
010011011000
100111000101
010101000000
110111001111
110011011110
000011001100
100011101001
010101000000
000111100000
000011001100
110111010001
000111000011
100111000101
010101000000
010111110100
010011011000
110111010001
010111110100
010101000000
010011000110
100111000101
110111010001
110111110010
010101000000
000111000011
110111010001
110011011110
010101000000
100111000101
100111111000
010111001001
110011100011
010111110100
010101000000
010111001001
110011100011
010101000000
010111001001
110011011110
010101000000
110111001111
010011100101
110111110010
010101000000
010111110100
010011011000
110111001111
010011100101
010111010111
010011011000
010111110100
110011100011
010101000000
110111001111
010011000110
010101000000
010111110100
010011011000
100111000101
010101000000
010011000110
010011100101
010111110100
010011100101
110111110010
100111000101
010101011110
010101000000
000010001001
010111110100
010101000000
010111001001
110011100011
010101000000
110111010001
010101000000
000111100000
110111110010
110111001111
100011010100
010011100101
000111000011
010111110100
010101000000
110111001111
010011000110
010101000000
110111001111
010011100101
110111110010
010101000000
010111001001
000111011101
110111010001
010111010111
010111001001
110011011110
110111010001
010111110100
010111001001
110111001111
110011011110
100101001100
010101000000
000111000011
110111010001
010011100101
110011100011
010111001001
110011011110
010111010111
010101000000
010011100101
110011100011
010101000000
010111110100
110111001111
010101000000
010011000110
100111000101
110111010001
110111110010
010101000000
010111110100
010011011000
010111001001
110011011110
010111010111
110011100011
010101000000
010111110100
010011011000
110111010001
010111110100
010101000000
100011010100
110111001111
010101000000
110011011110
110111001111
010111110100
010101000000
110111010001
010111110100
010101000000
000111100000
110111110010
100111000101
110011100011
100111000101
110011011110
010111110100
010101000000
110111010001
110011011110
100011010100
010101000000
000111011101
110111010001
100011101001
010101000000
110011011110
110111001111
010111110100
010101000000
100111000101
100111100110
100111000101
110111110010
010101000000
100111000101
100111111000
010111001001
110011100011
010111110100
010101011110
010101000000
000010110100
010011011000
110111010001
010111110100
010101000000
010111001001
110011100011
010101000000
110011011110
100111000101
110111010001
110111110010
010101000000
010111001001
110011011110
110011100011
110111010001
110011011110
010111001001
010111110100
100011101001
010101011110
010101000000
110110010100
110111001111
010101000000
110011011110
110111001111
010111110100
010101000000
000111011101
010111001001
110011100011
010011100101
110011011110
100011010100
100111000101
110111110010
110011100011
010111110100
110111010001
110011011110
100011010100
010101000000
000111011101
100111000101
010101000000
100011010100
110111010001
110011011110
010111010111
100111000101
110111110010
010101000000
010111001001
110011100011
010101000000
100111100110
100111000101
110111110010
100011101001
010101000000
110111110010
100111000101
110111010001
000011001100
010101000000
000011010010
010011100101
010111110100
010101000000
010011000110
100111000101
110111010001
110111110010
010101000000
010111001001
110011100011
010101000000
110111010001
010101000000
000111000011
010011011000
110111001111
010111001001
000111000011
100111000101
010101011110
